{
  "interactions": [
    {
      "timestamp": "2025-08-09T22:26:45.203768",
      "user_input": "Genera 30 combinaciones usando toda tu inteligencia artificial",
      "intent": "generate_combinations",
      "confidence": 0.8370967741935484,
      "ai_results": {
        "combinations": [
          {
            "combination": [
              15,
              21,
              22,
              30,
              35,
              40
            ],
            "probability": 0.5280285477638245,
            "confidence": 0.4766867756843567,
            "meta_score": 0.49795472621917725,
            "attention_weights": "[[[0.16670193 0.16668652 0.16666712 0.16665852 0.16665164 0.16663426]\n  [0.16669968 0.16668543 0.16666812 0.16665964 0.16665198 0.1666351 ]\n  [0.16669978 0.166686   0.16666956 0.16666023 0.16665119 0.16663322]\n  [0.16670036 0.16668576 0.16666916 0.16665955 0.16665123 0.1666339 ]\n  [0.16669942 0.166685   0.16666839 0.16665854 0.16665168 0.16663693]\n  [0.1666988  0.16668442 0.16666827 0.16665883 0.16665192 0.16663778]]]",
            "source": "advanced_ai",
            "timestamp": "2025-08-09T22:26:45.229711"
          },
          {
            "combination": [
              2,
              4,
              13,
              26,
              31,
              33
            ],
            "probability": 0.5279858112335205,
            "confidence": 0.4767029285430908,
            "meta_score": 0.4979563355445862,
            "attention_weights": "[[[0.16670446 0.16669127 0.16667984 0.16665365 0.16663973 0.166631  ]\n  [0.16670243 0.16668908 0.16667736 0.16665319 0.16664197 0.1666359 ]\n  [0.16670021 0.16668707 0.16667554 0.16665299 0.16664386 0.16664036]\n  [0.1666992  0.16668601 0.16667485 0.16665314 0.16664468 0.16664204]\n  [0.16669941 0.16668533 0.16667442 0.16665407 0.16664512 0.16664158]\n  [0.16669773 0.16668366 0.16667312 0.16665421 0.1666472  0.16664407]]]",
            "source": "advanced_ai",
            "timestamp": "2025-08-09T22:26:45.233768"
          },
          {
            "combination": [
              1,
              3,
              7,
              8,
              21,
              37
            ],
            "probability": 0.5280141234397888,
            "confidence": 0.4767380356788635,
            "meta_score": 0.49795764684677124,
            "attention_weights": "[[[0.16670479 0.16668071 0.16666225 0.16665992 0.16665307 0.16663922]\n  [0.16670206 0.16667798 0.1666614  0.16666044 0.16665561 0.16664252]\n  [0.16669872 0.16667572 0.1666606  0.16666086 0.16665755 0.16664651]\n  [0.16669552 0.16667457 0.16666003 0.16666155 0.16665931 0.16664901]\n  [0.16669743 0.16667536 0.16665943 0.16666056 0.1666585  0.16664866]\n  [0.16669936 0.16667552 0.16665894 0.16665944 0.16665749 0.16664918]]]",
            "source": "advanced_ai",
            "timestamp": "2025-08-09T22:26:45.238111"
          }
        ],
        "analysis": {
          "neural_used": true
        }
      },
      "processing_time": 0.03488
    }
  ],
  "learning_data": [
    {
      "timestamp": "2025-08-09T22:26:45.238570",
      "user_input": "Genera 30 combinaciones usando toda tu inteligencia artificial",
      "intent": "generate_combinations",
      "confidence": 0.8370967741935484,
      "ai_results": {
        "combinations": [
          {
            "combination": [
              15,
              21,
              22,
              30,
              35,
              40
            ],
            "probability": 0.5280285477638245,
            "confidence": 0.4766867756843567,
            "meta_score": 0.49795472621917725,
            "attention_weights": "[[[0.16670193 0.16668652 0.16666712 0.16665852 0.16665164 0.16663426]\n  [0.16669968 0.16668543 0.16666812 0.16665964 0.16665198 0.1666351 ]\n  [0.16669978 0.166686   0.16666956 0.16666023 0.16665119 0.16663322]\n  [0.16670036 0.16668576 0.16666916 0.16665955 0.16665123 0.1666339 ]\n  [0.16669942 0.166685   0.16666839 0.16665854 0.16665168 0.16663693]\n  [0.1666988  0.16668442 0.16666827 0.16665883 0.16665192 0.16663778]]]",
            "source": "advanced_ai",
            "timestamp": "2025-08-09T22:26:45.229711"
          },
          {
            "combination": [
              2,
              4,
              13,
              26,
              31,
              33
            ],
            "probability": 0.5279858112335205,
            "confidence": 0.4767029285430908,
            "meta_score": 0.4979563355445862,
            "attention_weights": "[[[0.16670446 0.16669127 0.16667984 0.16665365 0.16663973 0.166631  ]\n  [0.16670243 0.16668908 0.16667736 0.16665319 0.16664197 0.1666359 ]\n  [0.16670021 0.16668707 0.16667554 0.16665299 0.16664386 0.16664036]\n  [0.1666992  0.16668601 0.16667485 0.16665314 0.16664468 0.16664204]\n  [0.16669941 0.16668533 0.16667442 0.16665407 0.16664512 0.16664158]\n  [0.16669773 0.16668366 0.16667312 0.16665421 0.1666472  0.16664407]]]",
            "source": "advanced_ai",
            "timestamp": "2025-08-09T22:26:45.233768"
          },
          {
            "combination": [
              1,
              3,
              7,
              8,
              21,
              37
            ],
            "probability": 0.5280141234397888,
            "confidence": 0.4767380356788635,
            "meta_score": 0.49795764684677124,
            "attention_weights": "[[[0.16670479 0.16668071 0.16666225 0.16665992 0.16665307 0.16663922]\n  [0.16670206 0.16667798 0.1666614  0.16666044 0.16665561 0.16664252]\n  [0.16669872 0.16667572 0.1666606  0.16666086 0.16665755 0.16664651]\n  [0.16669552 0.16667457 0.16666003 0.16666155 0.16665931 0.16664901]\n  [0.16669743 0.16667536 0.16665943 0.16666056 0.1666585  0.16664866]\n  [0.16669936 0.16667552 0.16665894 0.16665944 0.16665749 0.16664918]]]",
            "source": "advanced_ai",
            "timestamp": "2025-08-09T22:26:45.238111"
          }
        ],
        "analysis": {
          "neural_used": true
        }
      }
    }
  ],
  "performance_metrics": {},
  "user_preferences": {}
}