{
  "interactions": [
    {
      "timestamp": "2025-08-09T18:49:45.427166",
      "user_input": "Genera 30 combinaciones usando toda tu inteligencia artificial",
      "intent": "generate_combinations",
      "confidence": 0.8370967741935484,
      "ai_results": {
        "combinations": [
          {
            "combination": [
              4,
              7,
              23,
              29,
              34,
              38
            ],
            "probability": 0.4850696325302124,
            "confidence": 0.5148648619651794,
            "meta_score": 0.5005618333816528,
            "attention_weights": "[[[0.16662051 0.16663955 0.16665477 0.16666998 0.16669464 0.16672058]\n  [0.16662262 0.16663946 0.16665427 0.16666879 0.16669364 0.1667212 ]\n  [0.16662493 0.16663976 0.16665423 0.16666786 0.16669282 0.1667204 ]\n  [0.16662732 0.16664003 0.16665438 0.16666707 0.16669236 0.1667189 ]\n  [0.16662686 0.16663927 0.1666541  0.16666646 0.1666929  0.16672036]\n  [0.16662961 0.16663939 0.16665304 0.16666539 0.16669215 0.16672045]]]",
            "source": "advanced_ai",
            "timestamp": "2025-08-09T18:49:45.481746"
          },
          {
            "combination": [
              8,
              12,
              14,
              20,
              21,
              28
            ],
            "probability": 0.48513731360435486,
            "confidence": 0.5148990154266357,
            "meta_score": 0.5005598068237305,
            "attention_weights": "[[[0.16661814 0.16663615 0.16665612 0.16667579 0.16669254 0.16672128]\n  [0.16661675 0.16663542 0.16665566 0.16667618 0.16669376 0.16672224]\n  [0.16661608 0.16663522 0.16665564 0.16667645 0.16669387 0.16672276]\n  [0.1666183  0.16663562 0.16665526 0.166676   0.1666926  0.16672222]\n  [0.16661958 0.16663569 0.16665475 0.16667603 0.16669242 0.16672146]\n  [0.16662496 0.16663747 0.16665278 0.16667375 0.16669099 0.16672008]]]",
            "source": "advanced_ai",
            "timestamp": "2025-08-09T18:49:45.485801"
          },
          {
            "combination": [
              3,
              4,
              8,
              15,
              29,
              36
            ],
            "probability": 0.48512914776802063,
            "confidence": 0.5148248076438904,
            "meta_score": 0.5005609393119812,
            "attention_weights": "[[[0.16662431 0.16663656 0.16664794 0.16666035 0.16669355 0.16673724]\n  [0.16662903 0.16663855 0.16664813 0.1666592  0.16669126 0.16673382]\n  [0.16663137 0.16663994 0.16664939 0.16665946 0.16668947 0.16673033]\n  [0.16663592 0.1666411  0.16665003 0.16665933 0.16668749 0.1667262 ]\n  [0.1666406  0.16664162 0.1666493  0.16665843 0.16668591 0.16672418]\n  [0.16664416 0.16664185 0.16664907 0.16665833 0.16668463 0.166722  ]]]",
            "source": "advanced_ai",
            "timestamp": "2025-08-09T18:49:45.493103"
          }
        ],
        "analysis": {
          "neural_used": true
        }
      },
      "processing_time": 0.069146
    }
  ],
  "learning_data": [
    {
      "timestamp": "2025-08-09T18:49:45.496024",
      "user_input": "Genera 30 combinaciones usando toda tu inteligencia artificial",
      "intent": "generate_combinations",
      "confidence": 0.8370967741935484,
      "ai_results": {
        "combinations": [
          {
            "combination": [
              4,
              7,
              23,
              29,
              34,
              38
            ],
            "probability": 0.4850696325302124,
            "confidence": 0.5148648619651794,
            "meta_score": 0.5005618333816528,
            "attention_weights": "[[[0.16662051 0.16663955 0.16665477 0.16666998 0.16669464 0.16672058]\n  [0.16662262 0.16663946 0.16665427 0.16666879 0.16669364 0.1667212 ]\n  [0.16662493 0.16663976 0.16665423 0.16666786 0.16669282 0.1667204 ]\n  [0.16662732 0.16664003 0.16665438 0.16666707 0.16669236 0.1667189 ]\n  [0.16662686 0.16663927 0.1666541  0.16666646 0.1666929  0.16672036]\n  [0.16662961 0.16663939 0.16665304 0.16666539 0.16669215 0.16672045]]]",
            "source": "advanced_ai",
            "timestamp": "2025-08-09T18:49:45.481746"
          },
          {
            "combination": [
              8,
              12,
              14,
              20,
              21,
              28
            ],
            "probability": 0.48513731360435486,
            "confidence": 0.5148990154266357,
            "meta_score": 0.5005598068237305,
            "attention_weights": "[[[0.16661814 0.16663615 0.16665612 0.16667579 0.16669254 0.16672128]\n  [0.16661675 0.16663542 0.16665566 0.16667618 0.16669376 0.16672224]\n  [0.16661608 0.16663522 0.16665564 0.16667645 0.16669387 0.16672276]\n  [0.1666183  0.16663562 0.16665526 0.166676   0.1666926  0.16672222]\n  [0.16661958 0.16663569 0.16665475 0.16667603 0.16669242 0.16672146]\n  [0.16662496 0.16663747 0.16665278 0.16667375 0.16669099 0.16672008]]]",
            "source": "advanced_ai",
            "timestamp": "2025-08-09T18:49:45.485801"
          },
          {
            "combination": [
              3,
              4,
              8,
              15,
              29,
              36
            ],
            "probability": 0.48512914776802063,
            "confidence": 0.5148248076438904,
            "meta_score": 0.5005609393119812,
            "attention_weights": "[[[0.16662431 0.16663656 0.16664794 0.16666035 0.16669355 0.16673724]\n  [0.16662903 0.16663855 0.16664813 0.1666592  0.16669126 0.16673382]\n  [0.16663137 0.16663994 0.16664939 0.16665946 0.16668947 0.16673033]\n  [0.16663592 0.1666411  0.16665003 0.16665933 0.16668749 0.1667262 ]\n  [0.1666406  0.16664162 0.1666493  0.16665843 0.16668591 0.16672418]\n  [0.16664416 0.16664185 0.16664907 0.16665833 0.16668463 0.166722  ]]]",
            "source": "advanced_ai",
            "timestamp": "2025-08-09T18:49:45.493103"
          }
        ],
        "analysis": {
          "neural_used": true
        }
      }
    }
  ],
  "performance_metrics": {},
  "user_preferences": {}
}